15 15
....#.#f###.#.M
.........f....#
...##....#.#...
...###.#.#.....
...#..B....#.#.
.P.....k..#..#.
.........#.....
...c.....#...#.
...S........#.M
..#..........##
.#.....#.......
##.....#....F..
..............#
.......c...#...
g....#.....#...
5 1
0

false
100 100 20 5 0.0 0.0 1.0 1.0 5 0 0 0
5 7
5
11 12
10 10 20 0 0.0 0.0 1.0 1.0 0 0 0 0
0 14
20 20 40 5 0.0 1.0 1.0 1.0 15 0 0 0
8 14
20 20 40 5 0.0 1.0 1.0 1.0 15 0 0 0
4 6
30 30 40 0 0.0 0.0 1.0 1.0 0 0 0 0
8 3
50 50 20 0 0.0 0.0 1.0 1.0 0 0 0 0
